9780134382555
9780134396828
9780134382548
9780134395449
9780134428420
9780134395623
9780134382562
9780134382487
9780134395531
9780134395838
9780134428307
9780134382470
9780134288673
9780134382531
9780134395722
9780134647333
9780134288642
9780134646831
9780134547312
9780134427041
9780134429052
9780134669601
9780134291048
9780134382494
9780134430089
9781509304110
9780134428468
9780134411705
9780134430072
9780134411699
9780134675596
9780134411729
9780134427058
9780134411743
9780134428444
9780134428451
9781509304899
9780134428437
9780134428413
9780134424989
9780134293707
9780134647036
9780134411736
9780134400723
9780134675596
9780134410890
9780134302393
9780134711843
9780134580708
9780134580722
9780134510286
9780134580739
9780134498294
9780134499314
9780134499307
9780134598338
9780134665283
9780134578071
9780134498287
9780134541815
9780134494128
9780134495026
9780134575254
9780134524474
9780134467214
9780134493831
9780134655512
9780134541839
9780134468747
9780134434711
9780134495071
9780134649641
9780134400457
9780134192857
9780134438009
9780134540528
9780134496061
9780134588612
9780134589206
9780134578354
9780134575216
9780134538433
9780134497990
9780134432557
9780134272290
9780134498003
9780134211398
9780134540610
9780134580524
9780134541754
9780134497983
9780134394749
9780134217321
9780134493398
9780134593951
9780134524412
9780134465326
9780134493800
9780134659374
9780134652429
9780134382555
9780134677422
9780134677422
9780134466255
9780134469850
9780134393483
9780134427348
9780134575452
9780134597577
9780134646084
9780134289304
9780134401980
9780134689173
9780134586236
9780134650029
9780134318929
9780134395531
9780134505848
9780134665719
9780134689173